coordinate_type: 'gps'
easting: [6.989561261300347, 6.989215661118173, 6.989354958616863, 6.989709924681778, 6.989858587762251, 6.989494255791827, 6.989633552643063, 6.990007250541766, 6.990155913020322, 6.989772849170576, 6.989912145374362, 6.9903045751979205, 6.990453237074558, 6.990051441254424, 6.990190736810758, 6.990601898650234, 6.990750559924953, 6.990330032043369, 6.990469326952255, 6.990899220898709]
northing: [50.61529759447733, 50.61504229447344, 50.61498702098637, 50.61524923895667, 50.615200883242295, 50.61493174732838, 50.61487647349947, 50.615152527334224, 50.61510417123244, 50.614821199499644, 50.6147659253289, 50.61505581493691, 50.615007458447714, 50.61471065098723, 50.614655376474644, 50.61495910176481, 50.614910744888185, 50.61460010179113, 50.614544826936715, 50.61486238781785]
height: [5.0, 5.0, 5.0, 5.0, 5.0, 5.0, 5.0, 5.0, 5.0, 5.0, 5.0, 5.0, 5.0, 5.0, 5.0, 5.0, 5.0, 5.0, 5.0, 5.0]
heading: [-130.7381212675754, -31.950235435314266, 49.2618775269632, -27.077450409371075, -130.7381236804401, -31.950237997726436, 49.261875113198364, -27.077452665191327, -130.73812609146285, -31.950240567683885, 49.26187269843223, -27.077454929448145, -130.7381285050606, -31.950243141181755, 49.261870289094404, -27.077457208602908, -130.73813091595378, -31.950245709862006, 49.261867878384734, 152.92254619498377]
waiting_time: [0, 0, 0, 0, 0, 0, 0, 0, 0, 0, 0, 0, 0, 0, 0, 0, 0, 0, 0, 0]
